function f = verification_1_moment_tensor_firstPiola(x,y,z,t,lambda,mue)
w1=x.^2;
w2=x.^3;
w3=x.^4;
w4=x.^5;
w5=x.^6;
w6=x.^7;
w7=x.^8;
w8=y.^2;
w9=y.^3;
w10=y.^4;
w11=y.^5;
w12=y.^6;
w13=y.^7;
w14=y.^8;
w15=w1.*w10;
w16=w1.*w8;
w17=w1.*w9;
w18=w2.*w8;
w19=w3.*w8;
w20=(1./2);
w21=(2.*x - 1);
w22=(2.*y - 1);
w23=(512.*w16 - 512.*w17 - 512.*w18 + 256.*w15 + 256.*w19 - 256.*x.*w8 - 256.*w1.*y + 512.*x.*w9 + 512.*w2.*y - 256.*x.*w10 - 256.*w3.*y + 64.*w1 - 128.*w2 + 64.*w3 + 64.*w8 - 128.*w9 + 64.*w10 + 1);
w24=(x + y - w1 - w8);
w25=(3.*w23.^w20);
f = [0.*x+(4.*lambda.*t.^3.*w24)./w25-(8.*mue.*t.^3.*y.*(y-1))./w25,...
0.*x+-(4.*mue.*t.^3.*w21.*w22)./w25,...
0.*x+(32.*lambda.*t.^3.*y.*w21.*(y-1).*w24)./w25-(32.*mue.*t.^3.*w21.*(452.*w16-x-2688.*w17-2304.*w18+6336.*w15+6656.*w2.*w9+4992.*w19-7424.*w1.*w11-11008.*w2.*w10-8448.*w3.*w9-4608.*w4.*w8+4864.*w1.*w12+9216.*w2.*w11+8064.*w3.*w10+6144.*w4.*w9+1536.*w5.*w8-2048.*w1.*w13-3072.*w2.*w12-4608.*w3.*w11-3072.*w4.*w10-2048.*w5.*w9+512.*w1.*w14+1536.*w3.*w12+1024.*w5.*w10+4.*x.*y-68.*x.*w8-4.*w1.*y+384.*x.*w9+512.*w2.*y-1344.*x.*w10-1536.*w3.*y+2816.*x.*w11+1536.*w4.*y-3328.*x.*w12-512.*w5.*y+2048.*x.*w13-512.*x.*w14+w1-64.*w2+192.*w3-192.*w4+64.*w5+2.*w8-4.*w9+130.*w10-512.*w11+768.*w12-512.*w13+128.*w14))./(3.*w23.^(3./2)),...
0.*x+-(4.*mue.*t.^3.*w21.*w22)./w25,...
0.*x+(4.*lambda.*t.^3.*w24)./w25-(8.*mue.*t.^3.*x.*(x-1))./w25,...
0.*x+(32.*lambda.*t.^3.*x.*w22.*(x-1).*w24)./w25-(32.*mue.*t.^3.*w22.*(452.*w16-y-2304.*w17-2688.*w18+4992.*w15+6656.*w2.*w9+6336.*w19-4608.*w1.*w11-8448.*w2.*w10-11008.*w3.*w9-7424.*w4.*w8+1536.*w1.*w12+6144.*w2.*w11+8064.*w3.*w10+9216.*w4.*w9+4864.*w5.*w8-2048.*w2.*w12-3072.*w3.*w11-4608.*w4.*w10-3072.*w5.*w9-2048.*w6.*w8+1024.*w3.*w12+1536.*w5.*w10+512.*w7.*w8+4.*x.*y-4.*x.*w8-68.*w1.*y+512.*x.*w9+384.*w2.*y-1536.*x.*w10-1344.*w3.*y+1536.*x.*w11+2816.*w4.*y-512.*x.*w12-3328.*w5.*y+2048.*w6.*y-512.*w7.*y+2.*w1-4.*w2+130.*w3-512.*w4+768.*w5-512.*w6+128.*w7+w8-64.*w9+192.*w10-192.*w11+64.*w12))./(3.*w23.^(3./2)),...
0.*x+0,...
0.*x+0,...
0.*x+0];
end