function f = verification_1_membrane_tensor(x,y,z,t,lambda,mue)
w1=x.^2;
w2=x.^3;
w3=x.^4;
w4=x.^5;
w5=x.^6;
w6=y.^2;
w7=y.^3;
w8=y.^4;
w9=y.^5;
w10=y.^6;
w11=w1.*w10;
w12=w1.*w6;
w13=w1.*w7;
w14=w1.*w8;
w15=w1.*w9;
w16=w2.*w10;
w17=w2.*w6;
w18=w2.*w7;
w19=w2.*w8;
w20=w2.*w9;
w21=w3.*w10;
w22=w3.*w6;
w23=w3.*w7;
w24=w3.*w8;
w25=w3.*w9;
w26=w4.*w6;
w27=w4.*w7;
w28=w4.*w8;
w29=w5.*w6;
w30=w5.*w7;
w31=w5.*w8;
w32=(1./2);
w33=(2.*x - 1);
w34=(2.*y - 1);
w35=(512.*w12 - 512.*w13 - 512.*w17 + 256.*w14 + 256.*w22 - 256.*x.*w6 - 256.*w1.*y + 512.*x.*w7 + 512.*w2.*y - 256.*x.*w8 - 256.*w3.*y + 64.*w1 - 128.*w2 + 64.*w3 + 64.*w6 - 128.*w7 + 64.*w8 + 1);
w36=(lambda + 2.*mue);
w37=(x - 1);
w38=(y - 1);
w39=(3.*w35.^2);
w40=(32.*w1.*w34.^2.*w37.^2 + 32.*w6.*w33.^2.*w38.^2);
f = [0.*x+((32.*t.^3.*(mue-lambda.*y-4.*mue.*x-6.*mue.*y+3.*lambda.*w6-68.*lambda.*w7+194.*lambda.*w8-192.*lambda.*w9+64.*lambda.*w10+68.*mue.*w1-384.*mue.*w2+832.*mue.*w3-768.*mue.*w4+256.*mue.*w5+74.*mue.*w6-520.*mue.*w7+1220.*mue.*w8-1152.*mue.*w9+384.*mue.*w10+122.*lambda.*x.*w6+58.*lambda.*w1.*y-128.*lambda.*x.*w7-256.*lambda.*w2.*y-256.*lambda.*x.*w8+448.*lambda.*w3.*y+384.*lambda.*x.*w9-384.*lambda.*w4.*y-128.*lambda.*x.*w10+128.*lambda.*w5.*y-280.*mue.*x.*w6-408.*mue.*w1.*y+2560.*mue.*x.*w7+2304.*mue.*w2.*y-6400.*mue.*x.*w8-4992.*mue.*w3.*y+6144.*mue.*x.*w9+4608.*mue.*w4.*y-2048.*mue.*x.*w10-1536.*mue.*w5.*y-698.*lambda.*w12+1152.*lambda.*w13+1280.*lambda.*w17-256.*lambda.*w14-2048.*lambda.*w18-960.*lambda.*w22-384.*lambda.*w15+1024.*lambda.*w19+1024.*lambda.*w23+384.*lambda.*w26+128.*lambda.*w11-512.*lambda.*w24-128.*lambda.*w29+1688.*mue.*w12-7680.*mue.*w13-7424.*mue.*w17+16640.*mue.*w14+16384.*mue.*w18+15232.*mue.*w22-15360.*mue.*w15-23552.*mue.*w19-23552.*mue.*w23-13824.*mue.*w26+5120.*mue.*w11+18432.*mue.*w20+19456.*mue.*w24+18432.*mue.*w27+4608.*mue.*w29-6144.*mue.*w16-9216.*mue.*w25-9216.*mue.*w28-6144.*mue.*w30+3072.*mue.*w21+3072.*mue.*w31+6.*lambda.*x.*y+24.*mue.*x.*y))./w39+lambda.*t.*w40+64.*mue.*t.*w6.*w33.^2.*w38.^2)./w35.^w32,...
0.*x+-((32.*t.^3.*w33.*w34.*w36.*(2.*x+y-320.*w12+896.*w13+512.*w17-768.*w14-1024.*w18-576.*w22+384.*w15+512.*w19+512.*w23+384.*w26-128.*w11-256.*w24-128.*w29+128.*x.*w6-64.*w1.*y-384.*x.*w7+512.*x.*w8+320.*w3.*y-384.*x.*w9-384.*w4.*y+128.*x.*w10+128.*w5.*y-2.*w1-w6+64.*w7-192.*w8+192.*w9-64.*w10))./w39-64.*mue.*t.*x.*y.*w33.*w34.*w37.*w38)./w35.^w32,...
0.*x+(mue.*t.*(512.*w7.*w33.^3.*w38.^3+512.*w1.*y.*w33.*w34.^2.*w37.^2.*w38)+(4.*t.^3.*w33.*w36.*(512.*w12-512.*w13-256.*w17+256.*w14+128.*w22+128.*x.*y-384.*x.*w6-256.*w1.*y+512.*x.*w7+256.*w2.*y-256.*x.*w8-128.*w3.*y+64.*w1-128.*w2+64.*w3-64.*w6+320.*w8-384.*w9+128.*w10-1))./w39+8.*lambda.*t.*y.*w33.*w40.*w38)./w35.^w32,...
0.*x+-((32.*t.^3.*w33.*w34.*w36.*(x+2.*y-320.*w12+512.*w13+896.*w17-576.*w14-1024.*w18-768.*w22+384.*w15+512.*w19+512.*w23+384.*w26-128.*w11-256.*w24-128.*w29-64.*x.*w6+128.*w1.*y-384.*w2.*y+320.*x.*w8+512.*w3.*y-384.*x.*w9-384.*w4.*y+128.*x.*w10+128.*w5.*y-w1+64.*w2-192.*w3+192.*w4-64.*w5-2.*w6))./w39-64.*mue.*t.*x.*y.*w33.*w34.*w37.*w38)./w35.^w32,...
0.*x+((32.*t.^3.*(mue-lambda.*x-6.*mue.*x-4.*mue.*y+3.*lambda.*w1-68.*lambda.*w2+194.*lambda.*w3-192.*lambda.*w4+64.*lambda.*w5+74.*mue.*w1-520.*mue.*w2+1220.*mue.*w3-1152.*mue.*w4+384.*mue.*w5+68.*mue.*w6-384.*mue.*w7+832.*mue.*w8-768.*mue.*w9+256.*mue.*w10+58.*lambda.*x.*w6+122.*lambda.*w1.*y-256.*lambda.*x.*w7-128.*lambda.*w2.*y+448.*lambda.*x.*w8-256.*lambda.*w3.*y-384.*lambda.*x.*w9+384.*lambda.*w4.*y+128.*lambda.*x.*w10-128.*lambda.*w5.*y-408.*mue.*x.*w6-280.*mue.*w1.*y+2304.*mue.*x.*w7+2560.*mue.*w2.*y-4992.*mue.*x.*w8-6400.*mue.*w3.*y+4608.*mue.*x.*w9+6144.*mue.*w4.*y-1536.*mue.*x.*w10-2048.*mue.*w5.*y-698.*lambda.*w12+1280.*lambda.*w13+1152.*lambda.*w17-960.*lambda.*w14-2048.*lambda.*w18-256.*lambda.*w22+384.*lambda.*w15+1024.*lambda.*w19+1024.*lambda.*w23-384.*lambda.*w26-128.*lambda.*w11-512.*lambda.*w24+128.*lambda.*w29+1688.*mue.*w12-7424.*mue.*w13-7680.*mue.*w17+15232.*mue.*w14+16384.*mue.*w18+16640.*mue.*w22-13824.*mue.*w15-23552.*mue.*w19-23552.*mue.*w23-15360.*mue.*w26+4608.*mue.*w11+18432.*mue.*w20+19456.*mue.*w24+18432.*mue.*w27+5120.*mue.*w29-6144.*mue.*w16-9216.*mue.*w25-9216.*mue.*w28-6144.*mue.*w30+3072.*mue.*w21+3072.*mue.*w31+6.*lambda.*x.*y+24.*mue.*x.*y))./w39+lambda.*t.*w40+64.*mue.*t.*w1.*w34.^2.*w37.^2)./w35.^w32,...
0.*x+(mue.*t.*(512.*w2.*w34.^3.*w37.^3+512.*x.*w6.*w33.^2.*w34.*w37.*w38.^2)+(4.*t.^3.*w34.*w36.*(512.*w12-256.*w13-512.*w17+128.*w14+256.*w22+128.*x.*y-256.*x.*w6-384.*w1.*y+256.*x.*w7+512.*w2.*y-128.*x.*w8-256.*w3.*y-64.*w1+320.*w3-384.*w4+128.*w5+64.*w6-128.*w7+64.*w8-1))./w39+8.*lambda.*t.*x.*w34.*w40.*w37)./w35.^w32,...
0.*x+(8.*y.*w33.*w38.*((32.*t.^3.*(mue-lambda.*y-4.*mue.*x-6.*mue.*y+3.*lambda.*w6-68.*lambda.*w7+194.*lambda.*w8-192.*lambda.*w9+64.*lambda.*w10+68.*mue.*w1-384.*mue.*w2+832.*mue.*w3-768.*mue.*w4+256.*mue.*w5+74.*mue.*w6-520.*mue.*w7+1220.*mue.*w8-1152.*mue.*w9+384.*mue.*w10+122.*lambda.*x.*w6+58.*lambda.*w1.*y-128.*lambda.*x.*w7-256.*lambda.*w2.*y-256.*lambda.*x.*w8+448.*lambda.*w3.*y+384.*lambda.*x.*w9-384.*lambda.*w4.*y-128.*lambda.*x.*w10+128.*lambda.*w5.*y-280.*mue.*x.*w6-408.*mue.*w1.*y+2560.*mue.*x.*w7+2304.*mue.*w2.*y-6400.*mue.*x.*w8-4992.*mue.*w3.*y+6144.*mue.*x.*w9+4608.*mue.*w4.*y-2048.*mue.*x.*w10-1536.*mue.*w5.*y-698.*lambda.*w12+1152.*lambda.*w13+1280.*lambda.*w17-256.*lambda.*w14-2048.*lambda.*w18-960.*lambda.*w22-384.*lambda.*w15+1024.*lambda.*w19+1024.*lambda.*w23+384.*lambda.*w26+128.*lambda.*w11-512.*lambda.*w24-128.*lambda.*w29+1688.*mue.*w12-7680.*mue.*w13-7424.*mue.*w17+16640.*mue.*w14+16384.*mue.*w18+15232.*mue.*w22-15360.*mue.*w15-23552.*mue.*w19-23552.*mue.*w23-13824.*mue.*w26+5120.*mue.*w11+18432.*mue.*w20+19456.*mue.*w24+18432.*mue.*w27+4608.*mue.*w29-6144.*mue.*w16-9216.*mue.*w25-9216.*mue.*w28-6144.*mue.*w30+3072.*mue.*w21+3072.*mue.*w31+6.*lambda.*x.*y+24.*mue.*x.*y))./w39+lambda.*t.*w40+64.*mue.*t.*w6.*w33.^2.*w38.^2)-8.*x.*w34.*((32.*t.^3.*w33.*w34.*w36.*(x+2.*y-320.*w12+512.*w13+896.*w17-576.*w14-1024.*w18-768.*w22+384.*w15+512.*w19+512.*w23+384.*w26-128.*w11-256.*w24-128.*w29-64.*x.*w6+128.*w1.*y-384.*w2.*y+320.*x.*w8+512.*w3.*y-384.*x.*w9-384.*w4.*y+128.*x.*w10+128.*w5.*y-w1+64.*w2-192.*w3+192.*w4-64.*w5-2.*w6))./w39-64.*mue.*t.*x.*y.*w33.*w34.*w37.*w38).*w37)./w35.^w32,...
0.*x+-(8.*y.*w33.*((32.*t.^3.*w33.*w34.*w36.*(2.*x+y-320.*w12+896.*w13+512.*w17-768.*w14-1024.*w18-576.*w22+384.*w15+512.*w19+512.*w23+384.*w26-128.*w11-256.*w24-128.*w29+128.*x.*w6-64.*w1.*y-384.*x.*w7+512.*x.*w8+320.*w3.*y-384.*x.*w9-384.*w4.*y+128.*x.*w10+128.*w5.*y-2.*w1-w6+64.*w7-192.*w8+192.*w9-64.*w10))./w39-64.*mue.*t.*x.*y.*w33.*w34.*w37.*w38).*w38-8.*x.*w34.*w37.*((32.*t.^3.*(mue-lambda.*x-6.*mue.*x-4.*mue.*y+3.*lambda.*w1-68.*lambda.*w2+194.*lambda.*w3-192.*lambda.*w4+64.*lambda.*w5+74.*mue.*w1-520.*mue.*w2+1220.*mue.*w3-1152.*mue.*w4+384.*mue.*w5+68.*mue.*w6-384.*mue.*w7+832.*mue.*w8-768.*mue.*w9+256.*mue.*w10+58.*lambda.*x.*w6+122.*lambda.*w1.*y-256.*lambda.*x.*w7-128.*lambda.*w2.*y+448.*lambda.*x.*w8-256.*lambda.*w3.*y-384.*lambda.*x.*w9+384.*lambda.*w4.*y+128.*lambda.*x.*w10-128.*lambda.*w5.*y-408.*mue.*x.*w6-280.*mue.*w1.*y+2304.*mue.*x.*w7+2560.*mue.*w2.*y-4992.*mue.*x.*w8-6400.*mue.*w3.*y+4608.*mue.*x.*w9+6144.*mue.*w4.*y-1536.*mue.*x.*w10-2048.*mue.*w5.*y-698.*lambda.*w12+1280.*lambda.*w13+1152.*lambda.*w17-960.*lambda.*w14-2048.*lambda.*w18-256.*lambda.*w22+384.*lambda.*w15+1024.*lambda.*w19+1024.*lambda.*w23-384.*lambda.*w26-128.*lambda.*w11-512.*lambda.*w24+128.*lambda.*w29+1688.*mue.*w12-7424.*mue.*w13-7680.*mue.*w17+15232.*mue.*w14+16384.*mue.*w18+16640.*mue.*w22-13824.*mue.*w15-23552.*mue.*w19-23552.*mue.*w23-15360.*mue.*w26+4608.*mue.*w11+18432.*mue.*w20+19456.*mue.*w24+18432.*mue.*w27+5120.*mue.*w29-6144.*mue.*w16-9216.*mue.*w25-9216.*mue.*w28-6144.*mue.*w30+3072.*mue.*w21+3072.*mue.*w31+6.*lambda.*x.*y+24.*mue.*x.*y))./w39+lambda.*t.*w40+64.*mue.*t.*w1.*w34.^2.*w37.^2))./w35.^w32,...
