function f = verification_1_surface_load_reduced(x,y,z,t,lambda,mue)
w1=x.^10;
w2=x.^2;
w3=x.^3;
w4=x.^4;
w5=x.^5;
w6=x.^6;
w7=x.^7;
w8=x.^8;
w9=x.^9;
w10=y.^10;
w11=y.^2;
w12=y.^3;
w13=y.^4;
w14=y.^5;
w15=y.^6;
w16=y.^7;
w17=y.^8;
w18=y.^9;
w19=w1.*w11;
w20=w1.*w12;
w21=w1.*w13;
w22=w2.*w10;
w23=w2.*w11;
w24=w2.*w12;
w25=w2.*w13;
w26=w2.*w14;
w27=w2.*w15;
w28=w2.*w16;
w29=w2.*w17;
w30=w2.*w18;
w31=w3.*w10;
w32=w3.*w11;
w33=w3.*w12;
w34=w3.*w13;
w35=w3.*w14;
w36=w3.*w15;
w37=w3.*w16;
w38=w3.*w17;
w39=w3.*w18;
w40=w4.*w10;
w41=w4.*w11;
w42=w4.*w12;
w43=w4.*w13;
w44=w4.*w14;
w45=w4.*w15;
w46=w4.*w16;
w47=w4.*w17;
w48=w4.*w18;
w49=w5.*w11;
w50=w5.*w12;
w51=w5.*w13;
w52=w5.*w14;
w53=w5.*w15;
w54=w5.*w16;
w55=w5.*w17;
w56=w6.*w11;
w57=w6.*w12;
w58=w6.*w13;
w59=w6.*w14;
w60=w6.*w15;
w61=w6.*w16;
w62=w6.*w17;
w63=w7.*w11;
w64=w7.*w12;
w65=w7.*w13;
w66=w7.*w14;
w67=w7.*w15;
w68=w8.*w11;
w69=w8.*w12;
w70=w8.*w13;
w71=w8.*w14;
w72=w8.*w15;
w73=w9.*w11;
w74=w9.*w12;
w75=w9.*w13;
w76=(2.*x - 1);
w77=(2.*y - 1);
w78=(512.*w23 - 512.*w24 - 512.*w32 + 256.*w25 + 256.*w41 - 256.*x.*w11 - 256.*w2.*y + 512.*x.*w12 + 512.*w3.*y - 256.*x.*w13 - 256.*w4.*y + 64.*w2 - 128.*w3 + 64.*w4 + 64.*w11 - 128.*w12 + 64.*w13 + 1);
w79=(x - 1);
w80=(y - 1);
w81=(3.*w78.^3);
f = [0.*x+mue.*t.^3.*((64.*w76.*(12.*y-64.*x+14208.*w23-230400.*w24-184320.*w32+1287680.*w25+837632.*w33+899072.*w41-3307520.*w26-3187712.*w34-2712576.*w42-2023424.*w49+4466688.*w27+7176192.*w35+6345216.*w43+5505024.*w50+2433024.*w56-3276800.*w28-8814592.*w36-10665984.*w44-9830400.*w51-6422528.*w57-1507328.*w63+1310720.*w29+5505024.*w37+11354112.*w45+11796480.*w52+10158080.*w58+3932160.*w64+376832.*w68-327680.*w30-1376256.*w38-6684672.*w46-9437184.*w53-9437184.*w59-5898240.*w65-983040.*w69+65536.*w22+1671168.*w47+4718592.*w54+4980736.*w60+4718592.*w66+1474560.*w70-1179648.*w55-1572864.*w61-1572864.*w67-1179648.*w71+393216.*w62+393216.*w72+896.*x.*y-8064.*x.*w11-2432.*w2.*y+73728.*x.*w12+44032.*w3.*y-349184.*x.*w13-206336.*w4.*y+899072.*x.*w14+450560.*w5.*y-1370112.*x.*w15-532480.*w6.*y+1310720.*x.*w16+327680.*w7.*y-819200.*x.*w17-81920.*w8.*y+327680.*x.*w18-65536.*x.*w10+64.*w2-4096.*w3+20480.*w4-45056.*w5+53248.*w6-32768.*w7+8192.*w8-12.*w11+256.*w12+8448.*w13-68864.*w14+218880.*w15-364544.*w16+336896.*w17-163840.*w18+32768.*w10-2))./w81+(128.*w76.*(x+6.*y+14592.*w23-67840.*w24-137088.*w32+138432.*w25+544768.*w33+468864.*w41-189312.*w26-1140736.*w34-1624064.*w42-898176.*w49+292480.*w27+1474560.*w35+3068928.*w43+2605056.*w50+1216896.*w56-442368.*w28-1409024.*w36-3612672.*w44-4177920.*w51-2703360.*w57-1228800.*w63+417792.*w29+1179648.*w37+2809856.*w45+4276224.*w52+3457024.*w58+1966080.*w64+860160.*w68-204800.*w30-786432.*w38-1572864.*w46-2801664.*w53-2801664.*w59-1966080.*w65-983040.*w69-368640.*w73+40960.*w22+327680.*w39+638976.*w47+1179648.*w54+1392640.*w60+1179648.*w66+737280.*w70+327680.*w74+73728.*w19-65536.*w31-163840.*w48-294912.*w55-393216.*w61-393216.*w67-294912.*w71-163840.*w75-65536.*w20+32768.*w40+98304.*w62+98304.*w72+32768.*w21+192.*x.*y-1536.*x.*w11+64.*w2.*y+256.*x.*w12+12160.*w3.*y+14144.*x.*w13-45952.*w4.*y-31872.*x.*w14+111744.*w5.*y+10624.*x.*w15-266624.*w6.*y+49152.*x.*w16+442368.*w7.*y-73728.*x.*w17-417792.*w8.*y+40960.*x.*w18+204800.*w9.*y-8192.*x.*w10-40960.*w1.*y-129.*w2+192.*w3-4032.*w4+8000.*w5+16448.*w6-65536.*w7+77824.*w8-40960.*w9+8192.*w1+186.*w11-1024.*w12+2112.*w13-1920.*w14+640.*w15-1))./w81)+lambda.*t.^3.*((64.*w76.*(x+6.*y+14592.*w23-67840.*w24-137088.*w32+138432.*w25+544768.*w33+468864.*w41-189312.*w26-1140736.*w34-1624064.*w42-898176.*w49+292480.*w27+1474560.*w35+3068928.*w43+2605056.*w50+1216896.*w56-442368.*w28-1409024.*w36-3612672.*w44-4177920.*w51-2703360.*w57-1228800.*w63+417792.*w29+1179648.*w37+2809856.*w45+4276224.*w52+3457024.*w58+1966080.*w64+860160.*w68-204800.*w30-786432.*w38-1572864.*w46-2801664.*w53-2801664.*w59-1966080.*w65-983040.*w69-368640.*w73+40960.*w22+327680.*w39+638976.*w47+1179648.*w54+1392640.*w60+1179648.*w66+737280.*w70+327680.*w74+73728.*w19-65536.*w31-163840.*w48-294912.*w55-393216.*w61-393216.*w67-294912.*w71-163840.*w75-65536.*w20+32768.*w40+98304.*w62+98304.*w72+32768.*w21+192.*x.*y-1536.*x.*w11+64.*w2.*y+256.*x.*w12+12160.*w3.*y+14144.*x.*w13-45952.*w4.*y-31872.*x.*w14+111744.*w5.*y+10624.*x.*w15-266624.*w6.*y+49152.*x.*w16+442368.*w7.*y-73728.*x.*w17-417792.*w8.*y+40960.*x.*w18+204800.*w9.*y-8192.*x.*w10-40960.*w1.*y-129.*w2+192.*w3-4032.*w4+8000.*w5+16448.*w6-65536.*w7+77824.*w8-40960.*w9+8192.*w1+186.*w11-1024.*w12+2112.*w13-1920.*w14+640.*w15-1))./w81+(64.*w76.*(3.*y-7744.*w23+27904.*w24+71680.*w32+58112.*w25-302080.*w33-189440.*w41-378112.*w26+462336.*w34+716288.*w42+241664.*w49+661248.*w27-98304.*w35-1230592.*w43-770048.*w50-176128.*w56-557056.*w28-425984.*w36+909312.*w44+1245184.*w51+409600.*w57+81920.*w63+262144.*w29+393216.*w37-73728.*w45-1032192.*w52-491520.*w58-131072.*w64-20480.*w68-81920.*w30-98304.*w38-196608.*w46+344064.*w53+344064.*w59+65536.*w65+32768.*w69+16384.*w22+49152.*w47-114688.*w60-16384.*w70+192.*x.*y-1472.*x.*w11-960.*w2.*y+16640.*x.*w12-2560.*w3.*y-92672.*x.*w13+15616.*w4.*y+255232.*x.*w14-28672.*w5.*y-390912.*x.*w15+28672.*w6.*y+360448.*x.*w16-16384.*w7.*y-212992.*x.*w17+4096.*w8.*y+81920.*x.*w18-16384.*x.*w10+61.*w11-128.*w12+4672.*w13-30720.*w14+89088.*w15-141312.*w16+127488.*w17-61440.*w18+12288.*w10))./w81)-lambda.*t.*(32.*w2.*(2.*x-2).*w77.^2+64.*x.*w77.^2.*w79.^2+32.*w11.*(8.*x-4).*w80.^2)-mue.*t.*(64.*w11.*(8.*x-4).*w80.^2+64.*x.*(2.*w2-3.*x+1).*(6.*w11-6.*y+1)),...
